                                            contador    contador2
1999_27j_N-metadata.csv     305     471     359         114406          0.384609
1999_28-metadata.csv        1157    1282    316         62090           0.5365
2005_26-metadata.csv        334     282     91          2301            0.564274
2009_3-metadata.csv         88      91      98          15784           0.594042
2011_19W-metadata.csv       52      49      233         10947           0.621826
2021_865-metadata.csv       119     119     1798        3794547         3.42014
1999_27j_S-metadata.csv     117     136     1127        1110912         1.32359
2000_8-metadata.csv         218     223     93          6835            0.693584
2005_6-metadata.csv         125     105     110         7121            0.713917
2011_19E-metadata.csv       2917    3577    2           2               0.756808
2015_50-metadata.csv        1961    2395    4354        6653205         5.57518