1.34498e+11
9.77095e+09
6.65631e+10
2.94949e+10
1.67097e+10
3.00722e+10
7.12063e+10
5.43568e+10
1.67225e+10
1.45488e+10
2.36642e+09
1.50613e+11
9.62471e+09
7.46001e+10
3.16677e+10
1.50932e+10
2.9604e+10
6.92421e+10
4.55447e+10
2.02717e+10
1.39903e+10
1.96975e+09
1.51042e+11
9.46912e+09
6.97184e+10
2.9401e+10
1.49083e+10
2.51845e+10
6.03988e+10
3.4208e+10
1.46023e+10
1.49493e+10
2.51653e+09
1.49266e+11
9.18612e+09
6.72442e+10
2.7978e+10
1.4467e+10
2.67429e+10
7.0646e+10
5.6083e+10
1.59938e+10
1.45552e+10
2.36738e+09
1.48125e+11
9.68911e+09
7.50871e+10
2.75078e+10
1.40074e+10
2.6861e+10
5.97906e+10
5.80488e+10
1.6885e+10
1.39036e+10
2.20629e+09
1.27658e+11
9.51805e+09
7.18474e+10
2.72029e+10
1.28238e+10
3.00314e+10
6.88191e+10
4.19727e+10
1.79252e+10
1.45434e+10
2.57247e+09
1.29529e+11
9.3052e+09
7.60128e+10
2.56942e+10
1.61202e+10
2.56214e+10
6.92162e+10
4.52461e+10
1.46835e+10
1.56609e+10
2.00498e+09
1.47598e+11
9.73854e+09
7.20102e+10
2.04127e+10
6.7297e+09
2.94952e+10
6.09177e+10
5.11498e+10
1.61466e+10
1.45917e+10
2.25914e+09
1.49152e+11
9.64056e+09
7.06871e+10
3.2204e+10
1.40557e+10
2.80467e+10
6.05065e+10
4.60682e+10
1.39554e+10
1.52531e+10
2.48444e+09
1.37047e+11
9.22616e+09
7.61222e+10
3.06874e+10
1.37059e+10
2.85016e+10
6.86085e+10
4.4196e+10
1.59742e+10
1.44267e+10
2.14966e+09
1.48688e+11
9.50196e+09
7.78848e+10
3.07857e+10
1.48157e+10
2.35026e+10
5.99044e+10
4.55511e+10
1.66333e+10
1.51178e+10
2.4258e+09
1.25205e+11
9.69871e+09
7.55113e+10
3.12993e+10
1.50286e+10
2.83141e+10
6.98805e+10
3.50135e+10
1.91515e+10
1.47296e+10
2.13181e+09
1.42523e+11
9.09783e+09
7.21254e+10
2.57901e+10
1.13074e+10
2.62697e+10
7.04578e+10
6.12121e+10
1.46018e+10
1.46436e+10
2.48796e+09
1.49989e+11
9.71268e+09
6.84058e+10
2.93609e+10
1.11305e+10
2.81074e+10
6.87795e+10
5.10483e+10
1.62749e+10
1.47598e+10
2.55998e+09
1.49136e+11
9.63343e+09
7.4585e+10
3.31852e+10
1.29469e+10
2.51876e+10
6.14521e+10
4.12755e+10
1.54813e+10
1.49389e+10
2.55628e+09
1.49876e+11
9.31989e+09
7.32346e+10
3.31231e+10
1.63341e+10
2.80325e+10
6.9451e+10
5.45777e+10
1.42391e+10
1.4665e+10
2.14323e+09
1.41606e+11
9.76189e+09
7.70415e+10
2.53509e+10
1.11973e+10
2.50239e+10
6.85602e+10
4.83953e+10
1.90273e+10
1.41009e+10
2.39398e+09
1.49631e+11
9.30935e+09
7.39649e+10
3.17491e+10
1.1021e+10
2.62417e+10
6.84987e+10
4.45142e+10
1.41905e+10
1.57339e+10
2.51586e+09
1.46302e+11
9.42691e+09
6.85662e+10
2.84216e+10
1.28493e+10
2.64006e+10
7.01776e+10
4.45135e+10
1.4586e+10
1.53964e+10
2.50986e+09
1.26097e+11
9.17384e+09
7.41829e+10
3.02155e+10
1.49078e+10
2.81704e+10
6.85456e+10
3.7661e+10
1.42715e+10
1.54575e+10
2.16184e+09
